1122659078
1304097003
0967955141
1298525002
1297533001
1268967019
1269057015
1034065184
1282154003
1298527001
1298525001
1265531002
1297841002
0972640145
1122659072
1298051001
1304097001
1225609046
1034065175
1297533002
1290959002
0967955146
1065654067
1034065176
1304097002
1304097004
1034065185
0972640140
1159823075
1304096002
1065654068
1298524001
1034065177
1304096001
1298524002
1298521001
1288357001
1285128001
1282809002
0974629022
1290035002
1293091001
1288140001
1252606011
1307849001
1308010007
1299369002
1295742001
1286221006
1289931002
1249530009
1232194047
0989216042
1292367001
1308076001
1291540001
1232194048
0989408039
1299021002
1297131018
1252052006
1293694002
1286499001
1235448018
1292861003
1300868001
1283093001
1300761002
1293696001
1290809001
1308010008
1289860001
1232254015
1292367002
1274162002
1257179004
1294697006
1287875003
1304992002
1296609002
1289497002
1223844039
1285914006
1291853001
1288128004
1276327002
1285755001
1281310002
1301140003
1286501001
1159823094
1289848003
1027734044
1291853002
1291108002
1282244002
1283092001
1292200002
1292861002
1281430008
1295418001
1281654003
1282154004
1245648007
1287895006
1285521001
1288141001
1298456003
1294695007
1285685001
1289848002
1289201001
1255794008
1283092002
1250990004
1295579002
1296629003
1288125001
1288309001
1300760001
0972640141
1012056032
1298843002
1287963002
1223844036
1300763001
1289497003
1295725001
1306007001
1011890040
1230514016
1304992001
1292893003
1048567068
0989216043
1289501001
1285128003
1288125002
1297131017
1228701019
1288186003
1295307002
1121112019
1291108003
1289931005
1289800002
1275651003
1248995026
1295742002
1285311001
1289284001
1291991001
1286500005
1294697007
1290961001
1290561001
1297411001
1295192001
1307849002
1292229001
1289730001
0970127052
1282244001
1282013003
1287975002
1285565001
1293156003
1298456001
1288128001
1285684002
1245648004
1289500001
1223844037
1296290002
1285734002
1252606010
1293696003
0989408034
1286221002
1293156002
1296609004
1232254013
0967153036
1292120003
1298342001
1292519001
1284240001
0570002190
1248313006
1306311002
1291320001
1295418003
0995634033
1281654002
1287971003
1292054001
1297065001
1289730002
1252016010
1293675001
1264537004
1303548001
1283844001
1295418004
1288309002
1295306001
1232254018
1300761001
1301140002
1297073001
1249530008
1048152057
1295752001
1285522001
1275594004
1306015001
1285685002
1285310002
1286221001
1275651004
1276777004
1288140002
1297840002
1283845001
1282011003
1287971001
1296609001
1267605004
1295295005
1289809002
1235448017
1285312001
0570002191
1286502004
1048567065
1295742003
1287971002
1299024001
1218803029
1285734001
1300760002
1285152001
1293918002
1285565002
1308586001
1299739001
1289848004
1233176004
1294695011
1291325001
1290809002
1241762006
1293694001
1223844035
1304549001
1029317043
1289144004
1297841003
1230514018
1292200001
0931747032
1287975001
0972640166
1286499002
1290561002
1288186001
1245648006
1295741001
1285755002
1300321001
1287895007
1295306003
1292168002
1293996001
1256964014
1261576003
0828122078
1308010002
1292175001
1146543018
1299193001
1295741002
1295318001
1286502003
1289860002
1288186004
1288525002
1286499003
1290806001
1285566001
1292177001
1249530007
1281430007
0967955145
0931747031
1228152014
1304692001
1284237001
1299862001
1269236004
1293696002
1252606009
1282809001
1285754002
1296609003
1001870031
1288128002
1261576002
1288119002
1288119001
0986317001
1289205001
1290035001
1295306002
1303183001
1001870030
1295418002
1300760003
1290109001
1033252024
1285754001
1300761003
1307720003
1209037021
1255779002
1283093002
0970819114
1288525001
1289092004
1292228001
1300763002
1289490002
1299021001
1316825001
1252606008
1288186002
1292861001
1289490001
1147848021
1289201002
1296290001
1295579001
1300420001
1276327003
1227155014
1294619001
1286505002
1254060002
1282969001
1249530010
1292228002
1299022001
1295459001
1303548002
1287895005
1261259004
1255889005
1289848001
1295752002
1236667004
1300760004
0972640139
0685816275
1308076002
1292174001
1300095003
1306311001
1289490003
1293694003
1303189001
1299022002
0855017001
1292168001
1291108001
1287963001
1298456002
1285261002
1312158001
1289800001
1295725002
1284239001
1263544004
1286501003
1291539001
1285128002
1301684001
1289192004
0970819117
1290806002
1019228001
1281430005
1290080001
1304549003
1289806002
1300321002
1295295001
1250990005
1228147014
1227157034
1297124001
1027734001
1262464001
1260212001
1272508002
1258907004
1274136001
1276651002
1284239001
1260573001
1263434001
1290823001
1262110002
1207871003
1275592002
1260212002
0839915033
1294344001
1250484002
1281852001
1261757002
1261758001
1262097001
1267997002
1241490001
0713995050
1275592004
1285754001
1027734046
1243440001
1258907002
1291539001
1276327002
1239151003
1284240001
0714032038
1235670001
1254869001
1262259002
1290809001
1262253002
1239185001
1027734045
1243263009
1265804002
1276651001
1306092001
1258906003
1274628004
1290806002
1258907003
1245131001
1261757001
1285755001
0783354023
1243263002
1241490002
1255423003
1263429001
1247367001
1271681001
1252892006
1219297006
1265496003
1265798001
1239151001
0713986066
1252892001
1258906001
0714032049
1284237001
1260571001
1260111001
1267076001
1263433001
1262070006
1027734043
1262096002
1272527001
1292519001
1250484005
1274628002
0783354005
1275651003
1272509001
1258906004
1241490003
1267071001
1268352001
1275651004
1239187002
1229569001
0713995043
1219297001
1256058002
1271680001
1250737001
1066664003
1256060003
1252892003
1250735001
1265496004
1294352001
1239185003
1027734044
1255443002
1285443001
1262464003
1272509002
1274624001
1239154002
1267062001
1243169001
1274628001
1262111002
1250484006
1243169002
1207871001
1260111002
1258906002
1270360001
1239152003
1214690001
1261758003
1256058003
1285755002
1255423001
1255443001
1270578001
1261757003
1272491001
1275592001
1263429002
1256060002
1290809002
1262259001
1272508001
1252892002
1262253001
1261758002
1252892004
1291540001
1262096001
1265737003
1252892005
1272756001
1232081002
1290806001
1239185002
0714032047
1243261002
1285754002
1259207002
1262464002
1267067001
1259207001
1276327003
1262097002
1272492001
1258907001
1275592003
1262067003
1243263008
1256058001
1270748002
1239152001
1250484001
1262148001
1219297002
1250484004
1209079002
1250484003
1239151002
1243263001
1213981005
1252424001
1238900001
1234638008
1295725002
1262224001
1272717001
1225635004
1263870001
1261123001
1234988001
1262147001
1285312001
1262273002
1253798001
0978501006
1225634003
1259569001
1226395004
1231421003
1299739001
0989408002
1253526001
1225634001
1256405004
1252426001
1262236002
1282144001
1229572001
1259566001
1233505001
1178411006
1267408002
1227437001
1282179002
1267623001
1285566001
1252423001
0989408030
1092397001
1262261002
1301145001
1293091001
1293996001
1206831001
1283844001
1213277002
1225636007
1225635002
1295725001
1293696001
1225636005
1282809001
1257562001
1272728001
1253802002
1267415001
1261703001
1259571001
1203174013
1245659001
1259112001
1207904006
1272730001
1238900002
1246653001
1289860001
1212317002
1198107001
1262269002
1236667004
1264927001
1259567003
1293696002
1256405001
1230678002
1259569004
1261127001
1244312001
1252425001
1289860002
1267407001
1240113002
1238955002
1237079001
1227437003
1226399001
1257562002
1266234002
1229573001
0990934023
1273088001
1257561001
0989408034
1282144003
1282809002
1259569002
1231420002
1225636001
0989408001
1293696003
1282179001
1262273001
1265540004
1267408003
1245655001
1244698002
1259112002
1257558004
1226395003
1178411001
1259798003
1226395001
1264531001
1265733003
1261125001
0990934010
1262258001
1002466001
1236667003
1267636001
1231420001
1265595002
1265733002
1002466013
0984994002
1163469005
1245645002
1245657001
1262240001
1282011003
1292229001
1207904005
1265802001
1262236001
1183921005
1235656002
1252430002
1240113003
1203174011
1176833001
1247925001
1283781001
1245659002
1225634002
1283451001
1213990002
1254014001
1259571003
1262248001
1165475002
1235673003
1254610002
1261703002
0989408039
1208290003
1280704001
1227909002
1236622003
1292228002
1235673001
1151544004
1244163001
1259567001
1165475001
1262224002
1252434001
1213981001
1292228001
1220614001
1272741001
1257558001
1206831006
1249402001
1262242001
1257561002
1267636002
1262251002
1256738002
1267404003
1270481001
1254610001
1254133001
1274579001
1245655002
1259570001
1262269001
1272725001
1256405002
1242352001
0989408031
1259570002
1262258002
1251285002
1258318002
1256419002
1266835001
1252424001
1035679016
1258657001
1251040002
1258907004
1264817001
1226046006
1257858002
1284239001
1261478005
1238729001
1248149003
1101074002
1258123004
1101074041
1267054001
1266444002
1251040001
1258123002
1241490001
1265354004
1277778001
1258907002
1252426001
1243907005
1257858007
1239151003
1284240001
1258657002
1229572001
1253406001
1254869001
1253628001
1256419003
1101074001
1282154002
1101074039
1239185001
1253406002
1266444001
1267054002
1255797005
1035679019
1212180002
1253406003
1249549001
1252423001
1258906003
1090270001
1240438001
1275327001
1275326001
1258907003
1035679004
1263284001
0853284002
1255789004
1243605004
1272728001
1101075014
1255789002
1267053001
1260790001
1137721004
0783354023
1267530001
1241490002
1255797006
1263429001
1282671001
1219297006
1238732001
1283002002
1182018001
1239151001
1246653001
1090270003
1258906001
1243605005
1252431001
1284237001
1002288001
1267076001
1251040003
1261478001
1277768001
1283002001
1002293001
1206874001
1258123003
0783354005
1021268007
1258906004
1241490003
1261478004
1035679018
1267071001
1212180001
1258657006
1239187002
1229569001
1002322001
1035679020
1229573001
1219297001
1238729002
1258657005
1182018003
1294619001
1216737006
1260554001
1255797004
1260792001
1257858003
1101074040
1256060003
1002322002
1253406006
1258318004
1261478003
0853284001
1239185003
1267530002
1021269001
1021270004
1274624001
1215799001
1275906003
1239154002
1267062001
1258318006
1243169001
1243169002
1258123001
1258657007
1258906002
1256318003
1256419006
1263284002
1275906001
1239152003
1214690001
1243907004
1253627001
1277777001
1233030001
1263284003
1137721001
1253406004
1262553004
1256419004
1021268002
1235306002
1258657004
1135006002
1263429002
1270282001
1290077001
1247925001
1266835005
1256060002
1258318001
1282154003
1101074033
1266835006
1291325001
1290080001
1235308002
1240511003
1239185002
1282671004
1264950001
1090269005
1256419005
1035679005
1267067001
1259828002
1275326002
1281920001
1258907001
1090269001
1261478002
1021268008
1266835010
1270748002
1257858001
1239152001
1262148001
1021268001
1219297002
1002288002
1021270003
1265354003
1256419001
1253406005
1282154004
1239151002
1277768005
1241022002
1268141001
1223221004
1271194001
1232260003
0764938038
0764938001
0764938039
0880025016
0795243002
1259908002
1252853001
0787330052
1232261002
1286499003
1232055002
1250004003
1232043002
1142137011
1235150003
1251114002
1286501003
1278060001
1240511003
0490418012
0490418067
1252853003
1259899001
1287895005
0490418057
0787330016
1286502003
1004114002
1232043004
1234392005
1235308002
1286501001
1265840002
1232055003
1286500005
1268133001
1259908001
1278060002
0787330036
1004114005
1232055001
0764938028
0787330051
1216404004
1216426001
1262386002
1268183003
1142169013
1240011001
1232261005
1271194002
1287895006
0687336001
1084860022
1018404009
1262386001
1232043001
1252853002
1268141002
1265783001
1204832001
1249718001
1169624003
1245885001
1259899002
1246815003
1262921001
1286499001
1004114009
1241022001
1142169009
1296629003
1187807005
1252853004
1287895007
0787330025
1018404010
1247004002
1286505002
1275440001
1292174001
0764938022
1249718002
1268187003
1235306002
1214857001
1268183001
1286499002
1286502004
1247004001
1249781002
0787330030
1232260007
1232043003
0795243001
1268174001
1018404007
0490418065
1268187001
1263136001
1272059001
1229071001
0948439012
0945059001
0570002002
1264432002
1245648003
0970817018
1308076001
1216838005
0967153001
1209183001
1227155007
1241059001
1285819002
1294399001
0685816275
1264350003
1216838002
1304549001
1289633001
1293900001
0685816270
0945531063
1288283001
0970819039
0967153032
1275976004
1071837001
1216851011
1288318003
0624684001
1245648004
1275976002
1264428001
1012056029
0608945008
1285819001
1011890003
0494713004
1264296004
1285819003
0685816178
1224295002
0608945137
1224295026
1308010008
1209183002
1029317002
1116080004
0970819106
1224295021
1029317043
1207724010
0945531052
1293901001
1011890001
1300763002
0685816272
0970817001
0578630003
1227155014
1275976001
1293900002
0649098002
0970819007
0970819060
0624684003
0624684050
0967153034
0970819103
1288283002
1245648007
1207724003
1012056001
0956343095
1224295020
1216851016
1207724004
1216851018
1264296005
1227155001
1300763001
1216851002
1216851014
1294399004
1101074039
1101074002
0852614011
1074658001
1216838004
0685816266
0570002001
0570033001
0852614001
1216838006
0956343100
0956343086
0970817042
1264432003
1012056026
0945531068
1101075014
0948439021
0970819114
1289395003
0624684051
1011890015
0852614028
0685816265
0967154001
1122971007
1227155002
0967154034
0608945107
0945531058
0970818079
1122971004
0527611001
1264428002
0945531061
0948439003
1241030001
1293901004
1074658035
0956308014
1264296003
1209183003
1029317001
1003662001
1216838007
1224295022
0956343043
1207724001
0685816252
1099732001
1241030002
0974629024
0970818001
0967154032
0967154035
0570002191
1264429002
0649098003
0570003002
0570002188
1024743001
0578630070
0578630078
1071837002
1012056032
0948441035
1264350002
0974629019
0852614029
0494713001
1241059003
0527611002
1003662053
0570002155
0948441037
1227155012
0685816263
0956343002
1245648006
1264429004
1074658042
0945531062
1074658039
0527611008
0948439023
1308010002
0578630073
0970818110
0970818046
0795243002
1024743015
0570033002
1293917002
1293901002
1003662002
1285819004
1224295001
1216851013
1264429003
1264425001
1289395001
0570002184
1071837008
1074658040
1216838001
1024674008
0685816053
1245648002
1103620008
0945531044
0970819001
1011890018
1245648001
0945531012
1308076002
0578630074
1289395002
1224295003
0570002190
0685816001
0967153036
0578630071
1293901003
1101074033
1216851015
0970816009
0945531057
1227155011
1074658043
1288318002
0685816274
0624684052
0967153040
0578630077
0970818002
1224295019
1294399002
0624684053
0578630075
0948441023
1116080006
0608945124
1209183006
0970817024
1012056002
1209183011
0624684048
0608945001
0967154003
0974629022
0569984001
0970817039
0945531064
1289633002
0685816271
1011890040
1216809002
0685816002
1241059002
1288318001
1101074001
0948441031
1264429001
1288283003
0570003127
0967154033
0527611004
1289633003
1209183010
1101074040
0542533002
0945531059
1116078004
1294399003
1264350001
0967153002
0970819117
1293917001
0685816229
1304549003
1074658045
0956343001
1074658037
1264432001
0494713002
1216809003
1101074041
0945531060
1264425003
1116080007
0948439004
0608945144
0578630076
0795243001
0608945111
1216851001
0494713003
1308010007
0578630002
0945531001
0956308047
0570003001
0974629020
1216851017
0948441003
0948441004
0974629006
1240531002
1275965002
1240533003
1245648003
1222604001
1308076001
1204180020
1289501001
1298521001
1241059003
1281310002
0852614029
1241739010
1241059001
1306311002
1122659064
1245648006
1304549001
1122659072
0970819039
1293900001
0970818110
1308010002
1218803029
0970818046
1065654067
1236159003
1065654068
1206603001
1179639002
1245648004
1248313001
1225654005
1261663004
1224792001
1011890003
1262887003
1299022002
1263915001
1262255002
1298524002
1212434002
1300760004
1299022001
1300761002
1122659039
1308010008
1024674008
1116080004
1114969018
0970819106
1204180007
1262288003
1245648002
1103620008
1240533004
1011890001
0970819001
1252052006
1300763002
1011890018
1297631001
1245648001
1308076002
1293900002
1262389001
0970819007
0970819060
1158129009
1300760001
1197189001
0970819103
1206602001
1019679061
1306311001
1248313006
1245648007
1299369002
1300763001
1216426001
1122659060
1300760003
1252551002
0970818002
1262288001
0852614011
1125749010
1261663002
1289806002
1196978001
1116080006
1262286003
1206615001
0852614001
1240531008
1240530003
1222604012
1122659078
1241928002
1260774001
1122659019
1011890040
1241739009
1241059002
1256752002
1224792007
1241927004
1114969027
1262255001
0970819114
1011890015
1300761001
1048152057
0852614028
1222604007
1261699001
1116078004
0970818079
0846933153
1281310001
1287901001
1262287002
0970819117
1158129013
1222604002
1275965001
0846933157
1304549003
1262286001
1236187005
1225654001
1122659063
1300761003
1252551001
1300760002
1158129007
1252052005
1261663001
1222604003
1116080007
1265531002
1298524001
1099732001
0970818001
1308010007
1297672001
1117750016
1285722002
1296609003
1288309001
1209183001
1292861002
1263139001
0710956032
1245997001
1285129002
1289848004
1241050001
1292786002
1291559001
1283244002
1221749007
1284199003
0956343002
1276602004
1289848001
1070399016
1179639002
1221749003
1288125001
1262920001
1288125002
1264428001
1245997004
1264425001
1284203001
1283244003
1275498003
1285128001
1209183002
1288128002
1296609002
1296609001
1289848002
1288128004
1263414002
1182271002
1292861001
1126010001
1268194001
1245997010
1126010008
1262920002
0956343095
1284199001
1070399020
1209183006
0710956034
0710956033
1209183011
0956343100
0967154003
1292786001
1245997003
0956343086
1275498001
1216809002
0639115021
1285129001
1259900001
1268194002
0967154033
0967154001
0639115025
0967154034
1209183010
1275498002
1289848003
1126010015
1284199002
1259900002
1264428002
1288309002
0710956028
1275439001
1288141001
1283244001
0956343001
1216809003
1209183003
1296609004
1285128002
1292861003
1285128003
0710956031
0956343043
1264425003
1288128001
1285129003
0967154032
0967154035
1275501001
1182271005
1283244004
1070399011
1256418004
1283446001
1256945005
0710956031
1282874001
1265840002
1258318004
1272491001
1271239001
1274624001
1219297001
1275592003
1283004001
1256946010
1258657002
1256945010
1035679018
1258906004
1286182001
0965257021
1256419005
1259395003
1274625001
1064346001
1270617001
1256418006
1262253001
1288523001
1213473008
1290546002
1146543018
1261478001
1268084003
1275893002
1253401003
1221749007
1263429002
1264431002
1275592004
1258657005
1281637002
1276575001
1035679004
1256419002
1300520001
1275592002
1073202008
0710956028
1273324002
1290546004
1286182003
1258123003
1258907001
1256946004
1136177004
1213473002
1137721004
1258973001
1256945009
1253406005
0965257022
1034463001
1272745002
1285312001
1281637001
1256945008
1282962002
1253406003
1273324001
1034463023
1267415001
1259207002
1256945003
1297124001
1256418001
1258657004
1273324005
1256419001
1258657006
0710956033
1256418005
1282874002
1265974005
1275592001
1256945001
1256419004
1212180002
1277655001
1263429001
1273096001
1253401001
1268084002
1273324003
1034463003
1073202003
1064346021
1258907004
0965257012
1286183003
1264431001
1258123002
1260573001
1277655002
1253401005
1267062001
1222151007
1253401002
1221749003
1260571001
1261478005
1282874004
1226526001
1288422001
1258973004
1064346003
1213473007
1253401006
1219297006
1258907003
1276827002
1290546001
1256946003
1265974001
1258657001
1253406002
1256946006
1265974002
1162941014
0878987018
1259207001
1256945004
1256946011
1262259002
1290292002
1264431003
1261478002
1261478004
1256419003
1305778002
1282874003
1267076001
1142169009
1258906003
1224763003
1034463002
1282252001
1285311001
1035679005
0878987032
1258123004
1271239002
0783354023
1258907002
1219297002
1264431004
1259395004
1282842002
1300520002
1253406006
1285310002
1267071001
1263414002
1263284002
1256946008
1263434001
1272492001
1258318006
1277655003
1229071001
1265974003
1232081002
1258906002
1258318001
1275893001
1258973002
1212180001
1256946005
1286183001
1224763004
1267067001
1136177007
1286183002
1064346019
1270578001
1262259001
1073202004
1253406004
1035679020
1288665002
0710956032
1286182002
1257858001
1257858002
1259395001
1275893003
1257858003
1261478003
1305778001
1223221004
1256945002
1276827001
1282252002
1213473001
1283004002
1142169013
1282842001
1064346022
1258906001
1280704001
1288523002
1258123001
1259395002
1035679016
1288665001
1027688002
1263284001
1263433001
1256418003
1137721001
1263284003
1253406001
1276827003
1256419006
1268084001
1226526002
1258318002
1034463022
1258657007
1222151006
1257858007
1256946001
1258973003
1213473003
1035679019
0783354005
1253401004
1262253002
1136177009
1222151004
0710956034
1256418002
1288422002
1269236001
0979945069
1235448011
1235448014
1235448013
1301140003
1288186003
1275326002
1232254015
1235422002
1275327001
1232254018
1252606008
1008549036
0811993072
0970127049
1000960028
1114252032
1260177002
1114252033
0811993071
0828122073
1303183001
1280809001
1228147005
0811993084
1000960036
0970127054
0979945038
0970127045
0979945055
0931747031
1159766003
1288186001
1281969001
1285734001
0931747025
1000960009
1033252024
1209037021
1235448018
0811993068
1293918002
0979945067
1008549030
1235448019
1121112019
1024711008
1301348009
1235422009
1252606004
1114252036
1114252027
1096385001
1252606005
0979945046
1288186004
1008549037
1024711032
1285734002
1301140002
1096385010
0811993086
0979945003
1304097002
0979945059
0811993088
1033252009
1096385014
1280921002
1269236002
1001870022
1114252023
0931747006
1169058003
0811993070
1281969002
0828122002
1001870020
0979945057
1000960029
1114252031
1232254012
1228147015
0828122077
1000960032
1235448002
1235448008
1235422007
1008549032
1303189004
1024711033
0970127052
1235413016
1008549038
1235448010
1235448016
1001870031
1024256001
0811993040
1235448012
1245480001
1024256006
0979945065
1235413014
0970127051
1001870019
0828122072
1232254013
1228147014
1008549039
1228311020
1121112013
0970127047
1275326001
1260177001
1199026001
1024711035
1277184004
1235413001
1266542002
0931747024
1285310002
1288186002
0931747029
1235422008
1235413002
1304097003
0811993078
1121112010
1235448006
1121112016
0811993081
1198207003
1277463001
0828122076
1159766002
1114252034
1252606007
1001875010
1303189001
1001870025
0811993080
1301348010
1252606002
1235448001
1000960037
0979945056
0931747028
0970127020
1304097001
1254060002
1001870030
1228147004
0931747032
1114252035
1212668001
1235448003
1000960031
1008549006
1245480002
0828122078
1277184003
1277184002
1252606009
1228147009
0979945001
1291108001
1263544004
0828122074
1001870023
1114252010
0811993065
1291108003
0979945064
1304097004
1008549005
1235413006
1291108002
0811993090
1024711014
1234767015
1277184001
1235448017
1252606010
1235448015
0979945054
1280809003
0979945068
1252606011
1234767011
1235422010
1269236004
1253393001
1293694001
1260571001
1289205001
1253401004
1258152010
1262097001
1252892002
1274582002
1268001004
1219297002
1305778002
1235999001
1253395006
1275592002
1268013002
1248348002
1256060002
1293694003
1207770001
1261707002
1268001002
1258907001
1284240001
1268352001
1117367001
1265496003
1268084001
1283092001
1262259001
1259378001
1261478005
1253401003
1248095009
1259391001
1259395004
1241105001
1073202008
1286221002
1219297006
1275651003
1285261001
1231065002
1271239002
1012056026
1235999002
1155989001
1064346001
1285755001
1122971007
1027814008
1258907002
1270748002
1285755002
1122971004
1203621002
1275594001
1241030001
1299021002
1248348004
1248095001
1253406001
1281430005
1206874001
1201999002
0714032047
1224763003
1265496004
1292893001
1271681001
1258152009
1293156002
1263434001
1273324002
1292168001
1283093001
1253406006
1253401001
1286120001
1267735001
1283096003
1241105002
1245709003
1203175002
1300095003
1267997002
1258152008
1293694002
1207918003
1253401006
1253393008
1266683001
0714032049
1260212001
1248095010
1261478003
1261707004
1259395002
1261665001
1247367001
1266683002
1248348014
1253401005
1275592001
1256060003
1275594004
1259391003
1285684001
1271828001
1253406005
1275592004
1253400002
1252892006
1268013001
1027734045
1272769001
1211410001
1252892004
1235999006
1239187002
1299021001
1262111002
1285261002
0714032038
1064346003
1274582001
1275592003
1297434004
1171192001
1293156003
1136177009
1253400001
0970817024
1281430007
1253401002
1286120002
1226526002
1283092002
1239185002
1252433001
1283074002
1027734001
1283845001
1283096002
1289894001
1035679018
1027734044
1275651004
1295579002
1005762001
1300520001
1261478004
1297434003
1270405001
1201999004
1253395001
1224930001
1299024001
1262070006
1273324003
1260212002
1251666001
1292893003
1275810001
0970817018
1294352001
1273324005
1262259002
1270360001
1224763004
1136177004
1239185001
1262464002
1012056029
1282842002
1261707001
1252892005
1262464001
1219297001
1272492001
1286221001
1267735002
1252435001
1272509002
1073202003
1283074001
0970817001
1297434001
1253395004
1193958001
1261758003
1300095001
1012056001
1265737003
1255947002
1259395001
1226390002
1252431001
1281852001
1273108002
1281430003
1201999001
1271239001
1289201002
1136177007
1261478002
0970817042
1300095002
1289201001
1197263001
1255491002
1300520002
1248095004
1215076002
1286120004
1292168002
1252892003
1099732001
1241030002
1259063001
1224930002
1261478001
1295579001
1259391002
1064346022
1012056032
1258907003
1215127001
1253400004
1258907004
1285685002
1253395002
1299862001
1267076001
1215127002
1281430008
1290809002
1289809002
1205589001
1248348003
1239185003
1293917002
1273108003
1261758002
1261709001
1064346021
1027734043
1255491001
1242399002
1275810002
1267067001
1035679004
1217235001
1290809001
1253395005
1268084002
1259376003
1035679016
1248348001
1268084003
1253406004
1285685001
1292893002
1291264001
1253393004
1282842001
1195339001
1027734046
1291264002
1259395003
0970816009
1165474001
1165474004
1253406002
1283074003
1241914001
1268001003
1012056002
1305778001
1252892001
1272763001
1272764001
0970817039
1253406003
1283096001
1073202004
1293675001
1283093002
1261758001
1273324001
1017271001
1299303002
1248095002
1252436001
1286221006
1274625001
1285684002
1273108001
1272756001
1293917001
1299862002
1226526001
1262097002
1244678001
1292519001
1171192002
1035679020
1035679005
1272509001
1262464003
1035679019
1253393007